0.0 24 5 5
0.0 13 5 5
0.0 10 5 5
0.0 25 5 5
0.0 18 5 5
0.0 23 5 5
0.0 19 5 5
0.001020669937133789 22 5 5
0.0 18 5 5
0.0 17 5 5
0.0010001659393310547 92 10 10
0.0 95 10 10
0.0 94 10 10
0.0 86 10 10
0.0 92 10 10
0.0 92 10 10
0.0 26 10 10
0.0 67 10 10
0.0 62 10 10
0.0 90 10 10
0.0009982585906982422 26 15 15
0.0 219 15 15
0.0015194416046142578 171 15 15
0.002000093460083008 225 15 15
0.0 193 15 15
0.0 175 15 15
0.0 101 15 15
0.0 77 15 15
0.0010006427764892578 49 15 15
0.0 98 15 15
0.0 257 20 20
0.007019996643066406 310 20 20
0.0 201 20 20
0.01544952392578125 253 20 20
0.0 192 20 20
0.006508350372314453 287 20 20
0.02017998695373535 174 20 20
0.0 396 20 20
0.0069997310638427734 397 20 20
0.0034716129302978516 68 20 20
0.015625715255737305 547 25 25
0.0156252384185791 580 25 25
0.0156252384185791 530 25 25
0.019040346145629883 611 25 25
0.0035190582275390625 232 25 25
0.0 150 25 25
0.018000125885009766 499 25 25
0.015645742416381836 434 25 25
0.0 254 25 25
0.01751232147216797 516 25 25
0.01899886131286621 286 30 30
0.02976369857788086 542 30 30
0.010996580123901367 159 30 30
0.009706735610961914 91 30 30
0.014505863189697266 203 30 30
0.031311750411987305 362 30 30
0.030163288116455078 725 30 30
0.031633853912353516 792 30 30
0.0013382434844970703 206 30 30
0.015748262405395508 222 30 30
0.05072355270385742 1006 35 35
0.04477858543395996 691 35 35
0.06764483451843262 1074 35 35
0.060419321060180664 917 35 35
0.05485105514526367 773 35 35
0.05317997932434082 654 35 35
0.014478683471679688 109 35 35
0.06558537483215332 1062 35 35
0.06497645378112793 766 35 35
0.07007479667663574 978 35 35
0.0784449577331543 827 40 40
0.11742186546325684 1583 40 40
0.10380792617797852 1410 40 40
0.006245613098144531 134 40 40
0.1006016731262207 964 40 40
0.08873605728149414 898 40 40
0.0941612720489502 1142 40 40
0.11111235618591309 1450 40 40
0.06449246406555176 533 40 40
0.07513546943664551 708 40 40
0.16830849647521973 1655 45 45
0.015627622604370117 81 45 45
0.17411065101623535 1823 45 45
0.17832422256469727 1936 45 45
0.15117835998535156 1227 45 45
0.17808032035827637 1680 45 45
0.14176034927368164 1107 45 45
0.162278413772583 1275 45 45
0.10370206832885742 763 45 45
0.18893980979919434 1860 45 45
0.2159256935119629 1374 50 50
0.04386711120605469 238 50 50
0.13033819198608398 696 50 50
0.25849056243896484 2062 50 50
0.19877314567565918 1096 50 50
0.2411637306213379 1633 50 50
0.2651090621948242 2112 50 50
0.2644946575164795 2264 50 50
0.23499035835266113 1510 50 50
0.305819034576416 1181 50 50
0.39742159843444824 2796 55 55
0.3681354522705078 2289 55 55
0.10679984092712402 485 55 55
0.2692530155181885 1217 55 55
0.09325623512268066 384 55 55
0.3895094394683838 2898 55 55
0.3906099796295166 2899 55 55
0.3118870258331299 1712 55 55
0.6649339199066162 2341 55 55
0.18886899948120117 857 55 55
0.4263627529144287 1735 60 60
0.4275383949279785 1798 60 60
0.20426058769226074 698 60 60
0.26700806617736816 1082 60 60
0.5222859382629395 2669 60 60
0.5509042739868164 3390 60 60
0.5454487800598145 3294 60 60
0.5271351337432861 2607 60 60
0.5323505401611328 2822 60 60
0.4865443706512451 2635 60 60
0.7489888668060303 3993 65 65
0.7546083927154541 3561 65 65
0.7712047100067139 4165 65 65
0.7534797191619873 3980 65 65
0.7805540561676025 3851 65 65
0.7100324630737305 2894 65 65
0.7859194278717041 3482 65 65
0.7942826747894287 3671 65 65
0.30242419242858887 1007 65 65
0.7029464244842529 2021 70 70
1.0185108184814453 4056 70 70
1.099132776260376 4773 70 70
0.8924374580383301 2976 70 70
0.3107924461364746 824 70 70
1.0028274059295654 3893 70 70
1.046090841293335 4432 70 70
1.404679536819458 5463 75 75
1.3872218132019043 4547 75 75
1.0175161361694336 2763 75 75
1.3801720142364502 4618 75 75
1.704735279083252 4620 80 80
1.8011012077331543 6071 80 80
1.914135456085205 6246 80 80
2.2125742435455322 4665 85 85
