0.0 20 5 5
0.0 13 5 5
0.0 9 5 5
0.0 22 5 5
0.0 13 5 5
0.0 20 5 5
0.0 23 5 5
0.0 18 5 5
0.0 14 5 5
0.0 18 5 5
0.0 79 10 10
0.0 88 10 10
0.0 79 10 10
0.0 77 10 10
0.0 46 10 10
0.0 93 10 10
0.0 22 10 10
0.0 64 10 10
0.0 46 10 10
0.0 69 10 10
0.0 21 15 15
0.0 158 15 15
0.0 130 15 15
0.0020020008087158203 184 15 15
0.011011838912963867 162 15 15
0.0 136 15 15
0.0 71 15 15
0.0 70 15 15
0.0009992122650146484 32 15 15
0.009020328521728516 83 15 15
0.015645503997802734 139 20 20
0.009018659591674805 311 20 20
0.0 175 20 20
0.0 186 20 20
0.0 170 20 20
0.003999948501586914 182 20 20
0.004000425338745117 223 20 20
0.015645503997802734 312 20 20
0.0029997825622558594 154 20 20
0.0010001659393310547 65 20 20
0.0155181884765625 395 25 25
0.015624761581420898 400 25 25
0.015624761581420898 482 25 25
0.015795230865478516 454 25 25
0.0 144 25 25
0.015639066696166992 133 25 25
0.008003473281860352 308 25 25
0.0 208 25 25
0.015625 159 25 25
0.011000871658325195 399 25 25
0.0070493221282958984 347 30 30
0.011000871658325195 273 30 30
0.010007381439208984 251 30 30
0.0 54 30 30
0.0 187 30 30
0.0005044937133789062 356 30 30
0.015624761581420898 420 30 30
0.01563286781311035 622 30 30
0.01746225357055664 161 30 30
0.0040018558502197266 109 30 30
0.04689526557922363 716 35 35
0.0326080322265625 451 35 35
0.03152132034301758 799 35 35
0.03795671463012695 762 35 35
0.015624523162841797 467 35 35
0.021526575088500977 407 35 35
0.0 64 35 35
0.03360342979431152 665 35 35
0.0296628475189209 585 35 35
0.02320241928100586 610 35 35
0.037752628326416016 543 40 40
0.04730677604675293 833 40 40
0.06346559524536133 820 40 40
0.013518333435058594 135 40 40
0.05209207534790039 604 40 40
0.050629377365112305 770 40 40
0.052535057067871094 716 40 40
0.062297821044921875 1187 40 40
0.014017581939697266 315 40 40
0.033451080322265625 505 40 40
0.12877154350280762 1607 45 45
0.0 63 45 45
0.055982351303100586 604 45 45
0.08577919006347656 1036 45 45
0.06444978713989258 780 45 45
0.08210611343383789 995 45 45
0.033588409423828125 313 45 45
0.09945154190063477 1154 45 45
0.06781888008117676 699 45 45
0.07855677604675293 977 45 45
0.11106610298156738 1159 50 50
0.01322317123413086 156 50 50
0.05188155174255371 392 50 50
0.13191843032836914 1162 50 50
0.11240673065185547 1176 50 50
0.07290124893188477 738 50 50
0.18750929832458496 1881 50 50
0.14253950119018555 1435 50 50
0.09672069549560547 880 50 50
0.1264934539794922 1182 50 50
0.27600622177124023 2317 55 55
0.2150709629058838 1645 55 55
0.0312497615814209 242 55 55
0.10375308990478516 864 55 55
0.04150867462158203 345 55 55
0.2696037292480469 2186 55 55
0.3053474426269531 2537 55 55
0.15702080726623535 1233 55 55
0.4223978519439697 1990 55 55
0.07927989959716797 605 55 55
0.15812182426452637 1041 60 60
0.22086143493652344 1443 60 60
0.0851287841796875 592 60 60
0.15278840065002441 1053 60 60
0.34871697425842285 2303 60 60
0.3007798194885254 2189 60 60
0.37813496589660645 2666 60 60
0.32402777671813965 2269 60 60
0.250537633895874 1678 60 60
0.30430078506469727 2133 60 60
0.5831277370452881 3407 65 65
0.3782229423522949 2305 65 65
0.2888486385345459 1639 65 65
0.4500446319580078 2624 65 65
0.49544405937194824 2944 65 65
0.5062804222106934 2910 65 65
0.33565711975097656 1923 65 65
0.42469215393066406 2438 65 65
0.08353233337402344 469 65 65
0.3004448413848877 1497 70 70
0.5966904163360596 3107 70 70
0.6911211013793945 3500 70 70
0.4321427345275879 2190 70 70
0.10421013832092285 557 70 70
0.5686092376708984 2928 70 70
0.6514647006988525 3329 70 70
0.8121368885040283 3471 75 75
0.8231136798858643 3506 75 75
0.4680466651916504 2049 75 75
0.7430081367492676 3182 75 75
0.8788719177246094 3414 80 80
0.9196124076843262 3452 80 80
0.9804062843322754 3574 80 80
1.0245025157928467 3293 85 85
